count 
25 / 18
50/ 15
80/12


25~27.5
1. 25
2. 25.5
3. 26
4. 27
5. 27.5

25~30
1. 25
2. 26
3. 27
4. 28
5. 30

25~32.5
1. 25
2. 27
3. 28.75
4. 30.5
5. 32.5 

25~35
1. 25
2. 27.5
3. 30
4. 32.5
5. 35

25~37.5
1. 25
2. 27.5
3. 31.25
4. 35
5. 37.5

25~40
1. 30
2. 27.5
3. 32.5
4. 33
5. 40

25~`42.5
1. 30
2. 31
3. 33
4. 36
5. 40

25~45
1. 30
2. 32
3. 35
4. 38
5. 40

25~47.5
1. 31.25
2. 33.25
3. 36.25
4. 39.25
5. 41.25
36.25

25~50
1. 30
2. 35
3. 37.5
4. 40
5. 45
 

50~55
1. 50
2. 51
3. 52 
4. 53 
5. 54

50~60
1. 55
2. 52
3. 54
4. 56
5. 58

50~65
1. 50
2. 52
3. 57
4. 65
5. 63

50~70
1. 55
2. 52
3. 65
4. 60
5. 68

50~75
1. 55
2. 62
3. 65
4. 60
5. 70

50~80
1. 55
2. 75
3. 65
4. 60
5. 70

50~85
1. 67 
2. 75
3. 65
4. 60
5. 70

50~90
1. 80
2. 75
3. 65
4. 60
5. 70


50~95
1. 80 
2. 85
3. 65
4. 60
5. 77

50~100
1. 80
2. 90
3. 75
4. 60
5. 70

100~110
1. 102
2. 104
3. 106 
4. 108
5. 105

100~120

1. 110
2. 115
3. 112
4. 108
5. 105

100~130
1. 105
2. 115
3. 120
4. 110
5. 125


100~140 

1.110
2.130
3.105
4.135
5.120


100~150

1. 110
2. 130
3. 125 
4. 140
5. 120


100~160

1.111
2.149
3.105
4.155
5.130

100~170
1. 120
2. 135
3. 125
4. 140
5. 150
100~180

1.120
2.130
3.160
4.140
5.150

100~190

1. 130
2. 145
3. 160
4. 140
5. 150

100~200
1.130
2.170
3.160
4.140
5.150

150~165
1. 152
2. 157
3. 163
4. 154
5. 161

150~180
1. 155
2. 160
3. 165
4. 170
5. 175

150~195
1. 172
2. 160 
3. 185
4. 170
5. 175

150~210
1. 190
2. 185
3. 180
4. 170
5. 175

150~225
1. 190
2. 185
3. 180
4. 195
5. 187

150~240
1. 190
2. 200
3. 180
4. 195
5. 210

150~255
1. 202
2. 200
3. 205
4. 195
5. 210

150~270
1. 215
2. 200
3. 220
4. 205
5. 210

150~285
1. 215 
2. 217
3. 220
4. 225
5. 210


150~300
1. 230
2. 240
3. 220
4. 225
5. 210


200~220
1. 215
2. 205
3. 210
4. 207
5. 213

200~240
1. 215
2. 225
3. 210
4. 230
5. 220

200~260
1. 235
2. 225
3. 240
4. 230
5. 220 

200~280
1. 235
2. 245
3. 240
4. 230
5. 250

200~300
1. 270
2. 260
3. 240
4. 230
5. 250

200~320
1. 270
2. 260
3. 290
4. 230
5. 250

200~340
1. 270
2. 260
3. 290
4. 280
5. 250

200~360
1. 270
2. 310
3. 290
4. 280
5. 250


200~380
1. 270 
2. 310
3. 290
4. 330 
5. 250

200~400
1. 270 
2. 310
3. 290 
4. 330 
5. 300
